          30
 Ord_Energy   -94.6706543    
 O    7.58198261     -0.663324773       5.48388386    
 H    8.36235046      -7.93704689E-02   5.49856758    
 H    7.84605503      -1.46475720       5.04103088    
 O    9.45670223       1.64230108       8.57064438    
 H    10.1144714       1.65558100       9.26154709    
 H    9.18196201       2.56277084       8.42830849    
 O    9.66488552       1.02776361       5.75877810    
 H    9.48555756       1.91433585       5.41187191    
 H    9.76045799       1.14400733       6.71096945    
 O    6.00038338       4.00944805       7.34921408    
 H    5.98390388       4.02547455       6.38327551    
 H    5.53608322       3.20333767       7.60877275    
 O    4.83373117       1.48219502       7.88300753    
 H    5.62812710      0.955450118       8.08472157    
 H    4.13404751       1.14970589       8.43821812    
 O    7.11002588       5.13948910E-02   8.20557308    
 H    7.26237297     -0.325556964       7.32894468    
 H    7.90646505      0.552607358       8.41990852    
 O    6.17388153       3.68844509       4.52887201    
 H    5.70107937       4.02263212       3.77177286    
 H    5.90383720       2.75926399       4.64106369    
 O    5.42955160       1.14508927       5.09775114    
 H    6.13500071      0.486118585       5.13362455    
 H    5.08516741       1.21172726       5.99729252    
 O    8.59759712       4.22248077       8.03175068    
 H    7.64180279       4.16680002       7.84854269    
 H    8.76017666       5.09782505       8.37274837    
 O    8.95433617       3.64752674       5.17708397    
 H    8.92737389       3.95423770       6.09042168    
 H    8.04326439       3.69885206       4.86004257    
          30
 Ord_Energy   -94.6555023    
 O    5.10322475       1.07482314       7.36925459    
 H    4.44293690      0.613489628       7.87914419    
 H    5.85544443      0.463154227       7.26778841    
 O    7.18494987     -0.583752215       6.91286850    
 H    8.07010937     -0.235140651       7.08016157    
 H    7.15824175     -0.797540069       5.97128439    
 O    9.72655296      0.629346251       7.12246704    
 H    9.48286152       1.57258594       7.13239527    
 H    10.4924183      0.536367774       7.68206167    
 O    6.27240992       3.65470266       4.38492775    
 H    7.21731043       3.62769890       4.18723345    
 H    6.21152925       3.79756570       5.33711958    
 O    9.09649563       3.40487766       4.08873034    
 H    9.23235226       2.44078112       4.06337023    
 H    9.70524406       3.78495240       3.46146345    
 O    5.15151739       1.12282515       4.44798088    
 H    5.49215317       2.01547909       4.28479481    
 H    4.94248390       1.09629607       5.38763666    
 O    7.03600216     -0.779288471       4.07073021    
 H    6.33705902     -0.101637773       4.11658144    
 H    6.73486710      -1.44482040       3.45870805    
 O    9.43335819      0.715296745       4.26938581    
 H    9.65107727      0.580027282       5.20018530    
 H    8.64989662      0.175916478       4.10089445    
 O    6.17101192       3.63458419       7.27924681    
 H    5.67068624       4.21837139       7.84426403    
 H    5.76829720       2.75483632       7.35876083    
 O    8.96574593       3.22527909       6.92703009    
 H    9.07142830       3.42341304       5.98707867    
 H    8.04214573       3.41404843       7.13409948    
          30
 Ord_Energy   -93.9319229    
 O    8.17678547       2.92095613       3.75843453    
 H    7.62645102       3.41841412       4.39345932    
 H    8.58041000       3.56231189       3.18043804    
 O    6.63931227       4.08074236       5.62519789    
 H    5.85594893       3.50983119       5.60842562    
 H    7.04649973       3.96073699       6.49175024    
 O    8.02562237       3.39791870       8.01280880    
 H    7.61933613       2.56061244       8.30014229    
 H    8.23857498       3.88515830       8.80383492    
 O    8.86206341     -0.554520071       6.99814987    
 H    9.16835690      0.294281125       6.63203192    
 H    9.64188671      -1.05653608       7.21842003    
 O    6.46075249      -1.08796132       5.59694862    
 H    6.49041033     -0.522951484       4.81438255    
 H    7.32419062      -1.00533140       6.02313757    
 O    6.40258503      0.796906352       3.46154308    
 H    6.20554304      0.665904403       2.53688025    
 H    7.06610203       1.50327492       3.50643730    
 O    4.66935825       2.14474487       5.38398886    
 H    4.56524324       1.51148379       6.10473728    
 H    5.11037064       1.65770137       4.67793322    
 O    4.68934679       3.91959809E-02   7.32435608    
 H    3.99075556     -0.556393623       7.58121347    
 H    5.26528025     -0.450363576       6.70906639    
 O    9.52846336       1.91657281       6.09085989    
 H    9.13580799       2.50376081       6.75078440    
 H    9.18243885       2.21100545       5.24060917    
 O    7.03715897      0.949059784       8.63380051    
 H    7.66136837      0.346373975       8.21027851    
 H    6.16554117      0.695170283       8.30491734    
          30
 Ord_Energy   -93.8214798    
 O    6.99327803       3.74516106       4.26177597    
 H    6.79863071       4.53984022       3.77247643    
 H    6.31401062       3.66895223       4.95756054    
 O    5.23035526       3.30613971       6.27356482    
 H    5.75021982       3.21910238       7.08329773    
 H    4.83443642       2.44185829       6.10300207    
 O    7.04608917       3.05568504       8.43715572    
 H    7.02379704       3.40804386       9.32246113    
 H    7.30608892       2.11988950       8.51357460    
 O    9.99181557      0.755939245       6.40835381    
 H    10.9229717      0.821026742       6.60155630    
 H    9.65768242       1.66838551       6.32814407    
 O    8.33420658     -0.687588573       4.71744967    
 H    8.96033287     -0.208813012       5.28374100    
 H    8.81943798      -1.40547907       4.31760883    
 O    6.37414694       1.04483199       3.58707309    
 H    7.09721518      0.475288361       3.87907529    
 H    6.67861366       1.95507681       3.69451046    
 O    4.36394835      0.738963068       5.40078211    
 H    5.01623440      0.819858670       4.68131495    
 H    3.53926468      0.482071996       4.99687195    
 O    6.25938654     -0.939511895       6.73207045    
 H    6.90505600     -0.989085734       6.01675797    
 H    5.52364111     -0.423674792       6.37937832    
 O    8.91342449       3.22446203       6.27967310    
 H    8.37021160       3.45023894       5.51412678    
 H    8.33124924       3.30111289       7.04681206    
 O    7.90158796      0.490299851       8.43560314    
 H    7.26203108      -6.49511889E-02   7.96367311    
 H    8.70101929      0.474324524       7.89903593    
          30
 Ord_Energy   -93.7692947    
 O    7.51653242       4.36231422       4.86552858    
 H    7.41342497       5.25797701       4.55518770    
 H    6.64220619       4.07222414       5.18335295    
 O    5.19330311       3.30226159       5.82371998    
 H    5.38600540       3.03688741       6.73320532    
 H    5.03492212       2.49056816       5.32776833    
 O    6.07837296       2.54542661       8.39863491    
 H    5.72622442       2.64079952       9.27925587    
 H    6.38914013       1.62589788       8.31786633    
 O    9.73086739      0.886690974       7.27300835    
 H    10.5898132      0.895392299       7.68596649    
 H    9.41249561       1.80724454       7.26634789    
 O    8.83093071      -3.38694490E-02   4.73495007    
 H    9.24352074      0.258127838       5.55778790    
 H    8.04522228     -0.525443852       5.00118685    
 O    7.47757006       1.94056523       3.33612895    
 H    8.07643318       1.29642010       3.74398708    
 H    7.64325953       2.78782082       3.76559353    
 O    5.08478165      0.984174848       4.09800577    
 H    5.92610264       1.33237982       3.74538040    
 H    4.45323658       1.01446378       3.38444257    
 O    6.24112797      -1.06501627       5.57603407    
 H    5.76367283     -0.384454489       5.07502127    
 H    5.85164070      -1.90367794       5.34071684    
 O    8.60439968       3.35569787       7.28762293    
 H    8.36812782       3.75645995       6.44154167    
 H    7.76949692       3.21281934       7.75105858    
 O    7.10873795       6.67670891E-02   8.02868462    
 H    6.76760244     -0.391496718       7.25034523    
 H    8.04631805      0.223551407       7.85527086    
